   7       0 loop0 14 0 34 1 0 0 0 0 0 12 1 0 0 0 0 0 0
   7       1 loop1 302 0 1842 35 0 0 0 0 0 88 35 0 0 0 0 0 0
   7       2 loop2 277 0 1718 28 0 0 0 0 0 72 28 0 0 0 0 0 0
   7       3 loop3 1403 0 7402 74 0 0 0 0 0 200 74 0 0 0 0 0 0
   7       4 loop4 440 0 2256 35 0 0 0 0 0 104 35 0 0 0 0 0 0
   7       5 loop5 437 0 2240 25 0 0 0 0 0 72 25 0 0 0 0 0 0
   7       6 loop6 463 0 4088 39 0 0 0 0 0 76 39 0 0 0 0 0 0
   7       7 loop7 442 0 3988 64 0 0 0 0 0 96 64 0 0 0 0 0 0
   8       0 sda 230864 62816 9554492 82139 1119350 1608238 245569298 1343338 0 1031788 1425478 0 0 0 0 0 0
   8       1 sda1 169 1013 13062 20 2 0 2 0 0 52 20 0 0 0 0 0 0
   8       2 sda2 2 0 4 0 0 0 0 0 0 8 0 0 0 0 0 0 0
   8       5 sda5 230584 61803 9537178 82112 1119348 1608238 245569296 1343338 0 1031756 1425450 0 0 0 0 0 0
   7       8 loop8 459 0 3762 44 0 0 0 0 0 112 44 0 0 0 0 0 0
   7       9 loop9 460 0 3698 26 0 0 0 0 0 92 26 0 0 0 0 0 0
   7      10 loop10 299 0 1820 24 0 0 0 0 0 80 24 0 0 0 0 0 0
   7      11 loop11 284 0 1750 25 0 0 0 0 0 72 25 0 0 0 0 0 0
   7      12 loop12 49 0 724 8 0 0 0 0 0 28 8 0 0 0 0 0 0
   7      14 loop14 641 0 44114 156 0 0 0 0 0 1652 156 0 0 0 0 0 0
   7      13 loop13 1733 0 9790 80 0 0 0 0 0 136 80 0 0 0 0 0 0
   7      15 loop15 11 0 28 1 0 0 0 0 0 4 1 0 0 0 0 0 0
